package org.pushingpixels.aurora.demo.svg.flags

import androidx.compose.ui.geometry.*
import androidx.compose.ui.graphics.*
import androidx.compose.ui.graphics.drawscope.DrawScope
import androidx.compose.ui.graphics.drawscope.Fill
import androidx.compose.ui.graphics.drawscope.Stroke
import androidx.compose.ui.graphics.drawscope.clipRect
import androidx.compose.ui.graphics.drawscope.translate
import androidx.compose.ui.graphics.drawscope.withTransform
import androidx.compose.ui.graphics.painter.Painter
import java.lang.ref.WeakReference
import java.util.*
import kotlin.math.min

/**
 * This class has been automatically generated using
 * <a href="https://github.com/kirill-grouchnikov/aurora">Aurora SVG transcoder</a>.
 */
class ar : Painter() {
    @Suppress("UNUSED_VARIABLE") private var shape: Outline? = null
    @Suppress("UNUSED_VARIABLE") private var generalPath: Path? = null
    @Suppress("UNUSED_VARIABLE") private var brush: Brush? = null
    @Suppress("UNUSED_VARIABLE") private var stroke: Stroke? = null
    @Suppress("UNUSED_VARIABLE") private var clip: Shape? = null
    private var alpha = 1.0f
    private var blendMode = DrawScope.DefaultBlendMode
    private var alphaStack = mutableListOf(1.0f)
    private var blendModeStack = mutableListOf(DrawScope.DefaultBlendMode)

	@Suppress("UNUSED_VARIABLE", "UNUSED_VALUE", "VARIABLE_WITH_REDUNDANT_INITIALIZER", "UNNECESSARY_NOT_NULL_ASSERTION")
private fun _paint0(drawScope : DrawScope) {
var shapeText: Outline?
var generalPathText: Path? = null
var alphaText = 0.0f
var blendModeText = DrawScope.DefaultBlendMode
with(drawScope) {
// 
alphaStack.add(0, alpha)
alpha *= 1.0f
blendModeStack.add(0, BlendMode.SrcOver)
blendMode = BlendMode.SrcOver
// _0
alphaStack.add(0, alpha)
alpha *= 1.0f
blendModeStack.add(0, BlendMode.SrcOver)
blendMode = BlendMode.SrcOver
// _0_0
if (generalPath == null) {
   generalPath = Path()
} else {
   generalPath!!.reset()
}
generalPath?.run {
    moveTo(0.0f, 0.0f)
    lineTo(512.0f, 0.0f)
    lineTo(512.0f, 512.0f)
    lineTo(0.0f, 512.0f)
    close()
}
shape = Outline.Generic(generalPath!!)
brush = SolidColor(Color(116, 172, 223, 255))
drawOutline(outline = shape!!, style=Fill, brush=brush!!, alpha=alpha, blendMode = blendMode)
alpha = alphaStack.removeAt(0)
blendMode = blendModeStack.removeAt(0)
alphaStack.add(0, alpha)
alpha *= 1.0f
blendModeStack.add(0, BlendMode.SrcOver)
blendMode = BlendMode.SrcOver
// _0_1
if (generalPath == null) {
   generalPath = Path()
} else {
   generalPath!!.reset()
}
generalPath?.run {
    moveTo(0.0f, 170.67f)
    lineTo(512.0f, 170.67f)
    lineTo(512.0f, 341.34f)
    lineTo(0.0f, 341.34f)
    close()
}
shape = Outline.Generic(generalPath!!)
brush = SolidColor(Color(255, 255, 255, 255))
drawOutline(outline = shape!!, style=Fill, brush=brush!!, alpha=alpha, blendMode = blendMode)
alpha = alphaStack.removeAt(0)
blendMode = blendModeStack.removeAt(0)
alphaStack.add(0, alpha)
alpha *= 1.0f
blendModeStack.add(0, BlendMode.SrcOver)
blendMode = BlendMode.SrcOver
withTransform({
transform(
Matrix(values=floatArrayOf(
1.0240000486373901f, 0.0f, 0.0f, 0.0f,
0.0f, 1.0240000486373901f, 0.0f, 0.0f,
0.0f, 0.0f, 1.0f, 0.0f,
-153.60000610351562f, 0.0f, 0.0f, 1.0f)
))}){
// _0_2
alphaStack.add(0, alpha)
alpha *= 1.0f
blendModeStack.add(0, BlendMode.SrcOver)
blendMode = BlendMode.SrcOver
// _0_2_0
if (generalPath == null) {
   generalPath = Path()
} else {
   generalPath!!.reset()
}
generalPath?.run {
    moveTo(396.84f, 251.31f)
    lineTo(425.294f, 313.302f)
    cubicTo(425.294f, 313.302f, 425.784f, 314.487f, 426.574f, 314.161f)
    cubicTo(427.364f, 313.834f, 426.87302f, 312.64902f, 426.87302f, 312.64902f)
    lineTo(403.15802f, 248.69302f)
    moveTo(402.47803f, 272.81302f)
    cubicTo(402.13104f, 282.24103f, 407.93002f, 287.42603f, 407.17203f, 295.84503f)
    cubicTo(406.41504f, 304.26505f, 411.03903f, 309.02502f, 412.11203f, 312.29904f)
    cubicTo(413.18503f, 315.57303f, 410.95203f, 317.53104f, 411.91403f, 317.99704f)
    cubicTo(412.87704f, 318.46304f, 414.98404f, 315.87704f, 414.29703f, 311.22205f)
    cubicTo(413.61002f, 306.56705f, 410.07703f, 305.18506f, 410.907f, 294.90204f)
    cubicTo(411.737f, 284.61905f, 406.70102f, 282.22403f, 407.927f, 272.84402f)
}
shape = Outline.Generic(generalPath!!)
brush = SolidColor(Color(246, 180, 14, 255))
drawOutline(outline = shape!!, style=Fill, brush=brush!!, alpha=alpha, blendMode = blendMode)
brush = SolidColor(Color(133, 52, 10, 255))
stroke = Stroke(width=1.112f, cap=StrokeCap.Butt, join=StrokeJoin.Miter, miter=4.0f)
if (generalPath == null) {
   generalPath = Path()
} else {
   generalPath!!.reset()
}
generalPath?.run {
    moveTo(396.84f, 251.31f)
    lineTo(425.294f, 313.302f)
    cubicTo(425.294f, 313.302f, 425.784f, 314.487f, 426.574f, 314.161f)
    cubicTo(427.364f, 313.834f, 426.87302f, 312.64902f, 426.87302f, 312.64902f)
    lineTo(403.15802f, 248.69302f)
    moveTo(402.47803f, 272.81302f)
    cubicTo(402.13104f, 282.24103f, 407.93002f, 287.42603f, 407.17203f, 295.84503f)
    cubicTo(406.41504f, 304.26505f, 411.03903f, 309.02502f, 412.11203f, 312.29904f)
    cubicTo(413.18503f, 315.57303f, 410.95203f, 317.53104f, 411.91403f, 317.99704f)
    cubicTo(412.87704f, 318.46304f, 414.98404f, 315.87704f, 414.29703f, 311.22205f)
    cubicTo(413.61002f, 306.56705f, 410.07703f, 305.18506f, 410.907f, 294.90204f)
    cubicTo(411.737f, 284.61905f, 406.70102f, 282.22403f, 407.927f, 272.84402f)
}
shape = Outline.Generic(generalPath!!)
drawOutline(outline = shape!!, style = stroke!!, brush=brush!!, alpha = alpha, blendMode = blendMode)
alpha = alphaStack.removeAt(0)
blendMode = blendModeStack.removeAt(0)
alphaStack.add(0, alpha)
alpha *= 1.0f
blendModeStack.add(0, BlendMode.SrcOver)
blendMode = BlendMode.SrcOver
withTransform({
transform(
Matrix(values=floatArrayOf(
0.9238795325112867f, 0.3826834323650898f, 0.0f, 0.0f,
-0.3826834323650898f, 0.9238795325112867f, 0.0f, 0.0f,
0.0f, 0.0f, 1.0f, 0.0f,
126.11904508675775f, -134.04325607385758f, 0.0f, 1.0f)
))}){
// _0_2_1
alphaStack.add(0, alpha)
alpha *= 1.0f
blendModeStack.add(0, BlendMode.SrcOver)
blendMode = BlendMode.SrcOver
// _0_2_1_0
if (generalPath == null) {
   generalPath = Path()
} else {
   generalPath!!.reset()
}
generalPath?.run {
    moveTo(396.84f, 251.31f)
    lineTo(425.294f, 313.302f)
    cubicTo(425.294f, 313.302f, 425.784f, 314.487f, 426.574f, 314.161f)
    cubicTo(427.364f, 313.834f, 426.87302f, 312.64902f, 426.87302f, 312.64902f)
    lineTo(403.15802f, 248.69302f)
    moveTo(402.47803f, 272.81302f)
    cubicTo(402.13104f, 282.24103f, 407.93002f, 287.42603f, 407.17203f, 295.84503f)
    cubicTo(406.41504f, 304.26505f, 411.03903f, 309.02502f, 412.11203f, 312.29904f)
    cubicTo(413.18503f, 315.57303f, 410.95203f, 317.53104f, 411.91403f, 317.99704f)
    cubicTo(412.87704f, 318.46304f, 414.98404f, 315.87704f, 414.29703f, 311.22205f)
    cubicTo(413.61002f, 306.56705f, 410.07703f, 305.18506f, 410.907f, 294.90204f)
    cubicTo(411.737f, 284.61905f, 406.70102f, 282.22403f, 407.927f, 272.84402f)
}
shape = Outline.Generic(generalPath!!)
brush = SolidColor(Color(246, 180, 14, 255))
drawOutline(outline = shape!!, style=Fill, brush=brush!!, alpha=alpha, blendMode = blendMode)
brush = SolidColor(Color(133, 52, 10, 255))
stroke = Stroke(width=1.112f, cap=StrokeCap.Butt, join=StrokeJoin.Miter, miter=4.0f)
if (generalPath == null) {
   generalPath = Path()
} else {
   generalPath!!.reset()
}
generalPath?.run {
    moveTo(396.84f, 251.31f)
    lineTo(425.294f, 313.302f)
    cubicTo(425.294f, 313.302f, 425.784f, 314.487f, 426.574f, 314.161f)
    cubicTo(427.364f, 313.834f, 426.87302f, 312.64902f, 426.87302f, 312.64902f)
    lineTo(403.15802f, 248.69302f)
    moveTo(402.47803f, 272.81302f)
    cubicTo(402.13104f, 282.24103f, 407.93002f, 287.42603f, 407.17203f, 295.84503f)
    cubicTo(406.41504f, 304.26505f, 411.03903f, 309.02502f, 412.11203f, 312.29904f)
    cubicTo(413.18503f, 315.57303f, 410.95203f, 317.53104f, 411.91403f, 317.99704f)
    cubicTo(412.87704f, 318.46304f, 414.98404f, 315.87704f, 414.29703f, 311.22205f)
    cubicTo(413.61002f, 306.56705f, 410.07703f, 305.18506f, 410.907f, 294.90204f)
    cubicTo(411.737f, 284.61905f, 406.70102f, 282.22403f, 407.927f, 272.84402f)
}
shape = Outline.Generic(generalPath!!)
drawOutline(outline = shape!!, style = stroke!!, brush=brush!!, alpha = alpha, blendMode = blendMode)
alpha = alphaStack.removeAt(0)
blendMode = blendModeStack.removeAt(0)
}
alpha = alphaStack.removeAt(0)
blendMode = blendModeStack.removeAt(0)
alphaStack.add(0, alpha)
alpha *= 1.0f
blendModeStack.add(0, BlendMode.SrcOver)
blendMode = BlendMode.SrcOver
withTransform({
transform(
Matrix(values=floatArrayOf(
0.7071067811865476f, 0.7071067811865475f, 0.0f, 0.0f,
-0.7071067811865475f, 0.7071067811865476f, 0.0f, 0.0f,
0.0f, 0.0f, 1.0f, 0.0f,
293.9339828220178f, -209.61940777125585f, 0.0f, 1.0f)
))}){
// _0_2_2
alphaStack.add(0, alpha)
alpha *= 1.0f
blendModeStack.add(0, BlendMode.SrcOver)
blendMode = BlendMode.SrcOver
// _0_2_2_0
if (generalPath == null) {
   generalPath = Path()
} else {
   generalPath!!.reset()
}
generalPath?.run {
    moveTo(396.84f, 251.31f)
    lineTo(425.294f, 313.302f)
    cubicTo(425.294f, 313.302f, 425.784f, 314.487f, 426.574f, 314.161f)
    cubicTo(427.364f, 313.834f, 426.87302f, 312.64902f, 426.87302f, 312.64902f)
    lineTo(403.15802f, 248.69302f)
    moveTo(402.47803f, 272.81302f)
    cubicTo(402.13104f, 282.24103f, 407.93002f, 287.42603f, 407.17203f, 295.84503f)
    cubicTo(406.41504f, 304.26505f, 411.03903f, 309.02502f, 412.11203f, 312.29904f)
    cubicTo(413.18503f, 315.57303f, 410.95203f, 317.53104f, 411.91403f, 317.99704f)
    cubicTo(412.87704f, 318.46304f, 414.98404f, 315.87704f, 414.29703f, 311.22205f)
    cubicTo(413.61002f, 306.56705f, 410.07703f, 305.18506f, 410.907f, 294.90204f)
    cubicTo(411.737f, 284.61905f, 406.70102f, 282.22403f, 407.927f, 272.84402f)
}
shape = Outline.Generic(generalPath!!)
brush = SolidColor(Color(246, 180, 14, 255))
drawOutline(outline = shape!!, style=Fill, brush=brush!!, alpha=alpha, blendMode = blendMode)
brush = SolidColor(Color(133, 52, 10, 255))
stroke = Stroke(width=1.112f, cap=StrokeCap.Butt, join=StrokeJoin.Miter, miter=4.0f)
if (generalPath == null) {
   generalPath = Path()
} else {
   generalPath!!.reset()
}
generalPath?.run {
    moveTo(396.84f, 251.31f)
    lineTo(425.294f, 313.302f)
    cubicTo(425.294f, 313.302f, 425.784f, 314.487f, 426.574f, 314.161f)
    cubicTo(427.364f, 313.834f, 426.87302f, 312.64902f, 426.87302f, 312.64902f)
    lineTo(403.15802f, 248.69302f)
    moveTo(402.47803f, 272.81302f)
    cubicTo(402.13104f, 282.24103f, 407.93002f, 287.42603f, 407.17203f, 295.84503f)
    cubicTo(406.41504f, 304.26505f, 411.03903f, 309.02502f, 412.11203f, 312.29904f)
    cubicTo(413.18503f, 315.57303f, 410.95203f, 317.53104f, 411.91403f, 317.99704f)
    cubicTo(412.87704f, 318.46304f, 414.98404f, 315.87704f, 414.29703f, 311.22205f)
    cubicTo(413.61002f, 306.56705f, 410.07703f, 305.18506f, 410.907f, 294.90204f)
    cubicTo(411.737f, 284.61905f, 406.70102f, 282.22403f, 407.927f, 272.84402f)
}
shape = Outline.Generic(generalPath!!)
drawOutline(outline = shape!!, style = stroke!!, brush=brush!!, alpha = alpha, blendMode = blendMode)
alpha = alphaStack.removeAt(0)
blendMode = blendModeStack.removeAt(0)
}
alpha = alphaStack.removeAt(0)
blendMode = blendModeStack.removeAt(0)
alphaStack.add(0, alpha)
alpha *= 1.0f
blendModeStack.add(0, BlendMode.SrcOver)
blendMode = BlendMode.SrcOver
withTransform({
transform(
Matrix(values=floatArrayOf(
0.38268343236508984f, 0.9238795325112867f, 0.0f, 0.0f,
-0.9238795325112867f, 0.38268343236508984f, 0.0f, 0.0f,
0.0f, 0.0f, 1.0f, 0.0f,
477.89651018178574f, -215.22267109578718f, 0.0f, 1.0f)
))}){
// _0_2_3
alphaStack.add(0, alpha)
alpha *= 1.0f
blendModeStack.add(0, BlendMode.SrcOver)
blendMode = BlendMode.SrcOver
// _0_2_3_0
if (generalPath == null) {
   generalPath = Path()
} else {
   generalPath!!.reset()
}
generalPath?.run {
    moveTo(396.84f, 251.31f)
    lineTo(425.294f, 313.302f)
    cubicTo(425.294f, 313.302f, 425.784f, 314.487f, 426.574f, 314.161f)
    cubicTo(427.364f, 313.834f, 426.87302f, 312.64902f, 426.87302f, 312.64902f)
    lineTo(403.15802f, 248.69302f)
    moveTo(402.47803f, 272.81302f)
    cubicTo(402.13104f, 282.24103f, 407.93002f, 287.42603f, 407.17203f, 295.84503f)
    cubicTo(406.41504f, 304.26505f, 411.03903f, 309.02502f, 412.11203f, 312.29904f)
    cubicTo(413.18503f, 315.57303f, 410.95203f, 317.53104f, 411.91403f, 317.99704f)
    cubicTo(412.87704f, 318.46304f, 414.98404f, 315.87704f, 414.29703f, 311.22205f)
    cubicTo(413.61002f, 306.56705f, 410.07703f, 305.18506f, 410.907f, 294.90204f)
    cubicTo(411.737f, 284.61905f, 406.70102f, 282.22403f, 407.927f, 272.84402f)
}
shape = Outline.Generic(generalPath!!)
brush = SolidColor(Color(246, 180, 14, 255))
drawOutline(outline = shape!!, style=Fill, brush=brush!!, alpha=alpha, blendMode = blendMode)
brush = SolidColor(Color(133, 52, 10, 255))
stroke = Stroke(width=1.112f, cap=StrokeCap.Butt, join=StrokeJoin.Miter, miter=4.0f)
if (generalPath == null) {
   generalPath = Path()
} else {
   generalPath!!.reset()
}
generalPath?.run {
    moveTo(396.84f, 251.31f)
    lineTo(425.294f, 313.302f)
    cubicTo(425.294f, 313.302f, 425.784f, 314.487f, 426.574f, 314.161f)
    cubicTo(427.364f, 313.834f, 426.87302f, 312.64902f, 426.87302f, 312.64902f)
    lineTo(403.15802f, 248.69302f)
    moveTo(402.47803f, 272.81302f)
    cubicTo(402.13104f, 282.24103f, 407.93002f, 287.42603f, 407.17203f, 295.84503f)
    cubicTo(406.41504f, 304.26505f, 411.03903f, 309.02502f, 412.11203f, 312.29904f)
    cubicTo(413.18503f, 315.57303f, 410.95203f, 317.53104f, 411.91403f, 317.99704f)
    cubicTo(412.87704f, 318.46304f, 414.98404f, 315.87704f, 414.29703f, 311.22205f)
    cubicTo(413.61002f, 306.56705f, 410.07703f, 305.18506f, 410.907f, 294.90204f)
    cubicTo(411.737f, 284.61905f, 406.70102f, 282.22403f, 407.927f, 272.84402f)
}
shape = Outline.Generic(generalPath!!)
drawOutline(outline = shape!!, style = stroke!!, brush=brush!!, alpha = alpha, blendMode = blendMode)
alpha = alphaStack.removeAt(0)
blendMode = blendModeStack.removeAt(0)
}
alpha = alphaStack.removeAt(0)
blendMode = blendModeStack.removeAt(0)
alphaStack.add(0, alpha)
alpha *= 1.0f
blendModeStack.add(0, BlendMode.SrcOver)
blendMode = BlendMode.SrcOver
// _0_2_4
if (generalPath == null) {
   generalPath = Path()
} else {
   generalPath!!.reset()
}
generalPath?.run {
    moveTo(404.31f, 274.41f)
    cubicTo(404.763f, 283.464f, 409.897f, 287.473f, 408.889f, 295.724f)
    cubicTo(411.10202f, 289.199f, 405.765f, 284.141f, 406.069f, 274.504f)
    moveTo(398.42f, 250.747f)
    lineTo(417.907f, 293.324f)
    lineTo(401.578f, 249.43701f)
}
shape = Outline.Generic(generalPath!!)
brush = SolidColor(Color(133, 52, 10, 255))
drawOutline(outline = shape!!, style=Fill, brush=brush!!, alpha=alpha, blendMode = blendMode)
alpha = alphaStack.removeAt(0)
blendMode = blendModeStack.removeAt(0)
alphaStack.add(0, alpha)
alpha *= 1.0f
blendModeStack.add(0, BlendMode.SrcOver)
blendMode = BlendMode.SrcOver
withTransform({
transform(
Matrix(values=floatArrayOf(
0.9238795325112867f, 0.3826834323650898f, 0.0f, 0.0f,
-0.3826834323650898f, 0.9238795325112867f, 0.0f, 0.0f,
0.0f, 0.0f, 1.0f, 0.0f,
126.11904508675775f, -134.04325607385758f, 0.0f, 1.0f)
))}){
// _0_2_5
alphaStack.add(0, alpha)
alpha *= 1.0f
blendModeStack.add(0, BlendMode.SrcOver)
blendMode = BlendMode.SrcOver
// _0_2_5_0
if (generalPath == null) {
   generalPath = Path()
} else {
   generalPath!!.reset()
}
generalPath?.run {
    moveTo(404.31f, 274.41f)
    cubicTo(404.763f, 283.464f, 409.897f, 287.473f, 408.889f, 295.724f)
    cubicTo(411.10202f, 289.199f, 405.765f, 284.141f, 406.069f, 274.504f)
    moveTo(398.42f, 250.747f)
    lineTo(417.907f, 293.324f)
    lineTo(401.578f, 249.43701f)
}
shape = Outline.Generic(generalPath!!)
brush = SolidColor(Color(133, 52, 10, 255))
drawOutline(outline = shape!!, style=Fill, brush=brush!!, alpha=alpha, blendMode = blendMode)
alpha = alphaStack.removeAt(0)
blendMode = blendModeStack.removeAt(0)
}
alpha = alphaStack.removeAt(0)
blendMode = blendModeStack.removeAt(0)
alphaStack.add(0, alpha)
alpha *= 1.0f
blendModeStack.add(0, BlendMode.SrcOver)
blendMode = BlendMode.SrcOver
withTransform({
transform(
Matrix(values=floatArrayOf(
0.7071067811865476f, 0.7071067811865475f, 0.0f, 0.0f,
-0.7071067811865475f, 0.7071067811865476f, 0.0f, 0.0f,
0.0f, 0.0f, 1.0f, 0.0f,
293.9339828220178f, -209.61940777125585f, 0.0f, 1.0f)
))}){
// _0_2_6
alphaStack.add(0, alpha)
alpha *= 1.0f
blendModeStack.add(0, BlendMode.SrcOver)
blendMode = BlendMode.SrcOver
// _0_2_6_0
if (generalPath == null) {
   generalPath = Path()
} else {
   generalPath!!.reset()
}
generalPath?.run {
    moveTo(404.31f, 274.41f)
    cubicTo(404.763f, 283.464f, 409.897f, 287.473f, 408.889f, 295.724f)
    cubicTo(411.10202f, 289.199f, 405.765f, 284.141f, 406.069f, 274.504f)
    moveTo(398.42f, 250.747f)
    lineTo(417.907f, 293.324f)
    lineTo(401.578f, 249.43701f)
}
shape = Outline.Generic(generalPath!!)
brush = SolidColor(Color(133, 52, 10, 255))
drawOutline(outline = shape!!, style=Fill, brush=brush!!, alpha=alpha, blendMode = blendMode)
alpha = alphaStack.removeAt(0)
blendMode = blendModeStack.removeAt(0)
}
alpha = alphaStack.removeAt(0)
blendMode = blendModeStack.removeAt(0)
alphaStack.add(0, alpha)
alpha *= 1.0f
blendModeStack.add(0, BlendMode.SrcOver)
blendMode = BlendMode.SrcOver
withTransform({
transform(
Matrix(values=floatArrayOf(
0.38268343236508984f, 0.9238795325112867f, 0.0f, 0.0f,
-0.9238795325112867f, 0.38268343236508984f, 0.0f, 0.0f,
0.0f, 0.0f, 1.0f, 0.0f,
477.89651018178574f, -215.22267109578718f, 0.0f, 1.0f)
))}){
// _0_2_7
alphaStack.add(0, alpha)
alpha *= 1.0f
blendModeStack.add(0, BlendMode.SrcOver)
blendMode = BlendMode.SrcOver
// _0_2_7_0
if (generalPath == null) {
   generalPath = Path()
} else {
   generalPath!!.reset()
}
generalPath?.run {
    moveTo(404.31f, 274.41f)
    cubicTo(404.763f, 283.464f, 409.897f, 287.473f, 408.889f, 295.724f)
    cubicTo(411.10202f, 289.199f, 405.765f, 284.141f, 406.069f, 274.504f)
    moveTo(398.42f, 250.747f)
    lineTo(417.907f, 293.324f)
    lineTo(401.578f, 249.43701f)
}
shape = Outline.Generic(generalPath!!)
brush = SolidColor(Color(133, 52, 10, 255))
drawOutline(outline = shape!!, style=Fill, brush=brush!!, alpha=alpha, blendMode = blendMode)
alpha = alphaStack.removeAt(0)
blendMode = blendModeStack.removeAt(0)
}
alpha = alphaStack.removeAt(0)
blendMode = blendModeStack.removeAt(0)
}
alpha = alphaStack.removeAt(0)
blendMode = blendModeStack.removeAt(0)
alphaStack.add(0, alpha)
alpha *= 1.0f
blendModeStack.add(0, BlendMode.SrcOver)
blendMode = BlendMode.SrcOver
withTransform({
transform(
Matrix(values=floatArrayOf(
0.0f, 1.0f, 0.0f, 0.0f,
-1.0f, 0.0f, 0.0f, 0.0f,
0.0f, 0.0f, 1.0f, 0.0f,
512.0f, 0.0f, 0.0f, 1.0f)
))}){
// _0_3
alphaStack.add(0, alpha)
alpha *= 1.0f
blendModeStack.add(0, BlendMode.SrcOver)
blendMode = BlendMode.SrcOver
withTransform({
transform(
Matrix(values=floatArrayOf(
1.0240000486373901f, 0.0f, 0.0f, 0.0f,
0.0f, 1.0240000486373901f, 0.0f, 0.0f,
0.0f, 0.0f, 1.0f, 0.0f,
-153.60000610351562f, 0.0f, 0.0f, 1.0f)
))}){
// _0_3_0
alphaStack.add(0, alpha)
alpha *= 1.0f
blendModeStack.add(0, BlendMode.SrcOver)
blendMode = BlendMode.SrcOver
// _0_3_0_0
if (generalPath == null) {
   generalPath = Path()
} else {
   generalPath!!.reset()
}
generalPath?.run {
    moveTo(396.84f, 251.31f)
    lineTo(425.294f, 313.302f)
    cubicTo(425.294f, 313.302f, 425.784f, 314.487f, 426.574f, 314.161f)
    cubicTo(427.364f, 313.834f, 426.87302f, 312.64902f, 426.87302f, 312.64902f)
    lineTo(403.15802f, 248.69302f)
    moveTo(402.47803f, 272.81302f)
    cubicTo(402.13104f, 282.24103f, 407.93002f, 287.42603f, 407.17203f, 295.84503f)
    cubicTo(406.41504f, 304.26505f, 411.03903f, 309.02502f, 412.11203f, 312.29904f)
    cubicTo(413.18503f, 315.57303f, 410.95203f, 317.53104f, 411.91403f, 317.99704f)
    cubicTo(412.87704f, 318.46304f, 414.98404f, 315.87704f, 414.29703f, 311.22205f)
    cubicTo(413.61002f, 306.56705f, 410.07703f, 305.18506f, 410.907f, 294.90204f)
    cubicTo(411.737f, 284.61905f, 406.70102f, 282.22403f, 407.927f, 272.84402f)
}
shape = Outline.Generic(generalPath!!)
brush = SolidColor(Color(246, 180, 14, 255))
drawOutline(outline = shape!!, style=Fill, brush=brush!!, alpha=alpha, blendMode = blendMode)
brush = SolidColor(Color(133, 52, 10, 255))
stroke = Stroke(width=1.112f, cap=StrokeCap.Butt, join=StrokeJoin.Miter, miter=4.0f)
if (generalPath == null) {
   generalPath = Path()
} else {
   generalPath!!.reset()
}
generalPath?.run {
    moveTo(396.84f, 251.31f)
    lineTo(425.294f, 313.302f)
    cubicTo(425.294f, 313.302f, 425.784f, 314.487f, 426.574f, 314.161f)
    cubicTo(427.364f, 313.834f, 426.87302f, 312.64902f, 426.87302f, 312.64902f)
    lineTo(403.15802f, 248.69302f)
    moveTo(402.47803f, 272.81302f)
    cubicTo(402.13104f, 282.24103f, 407.93002f, 287.42603f, 407.17203f, 295.84503f)
    cubicTo(406.41504f, 304.26505f, 411.03903f, 309.02502f, 412.11203f, 312.29904f)
    cubicTo(413.18503f, 315.57303f, 410.95203f, 317.53104f, 411.91403f, 317.99704f)
    cubicTo(412.87704f, 318.46304f, 414.98404f, 315.87704f, 414.29703f, 311.22205f)
    cubicTo(413.61002f, 306.56705f, 410.07703f, 305.18506f, 410.907f, 294.90204f)
    cubicTo(411.737f, 284.61905f, 406.70102f, 282.22403f, 407.927f, 272.84402f)
}
shape = Outline.Generic(generalPath!!)
drawOutline(outline = shape!!, style = stroke!!, brush=brush!!, alpha = alpha, blendMode = blendMode)
alpha = alphaStack.removeAt(0)
blendMode = blendModeStack.removeAt(0)
alphaStack.add(0, alpha)
alpha *= 1.0f
blendModeStack.add(0, BlendMode.SrcOver)
blendMode = BlendMode.SrcOver
withTransform({
transform(
Matrix(values=floatArrayOf(
0.9238795325112867f, 0.3826834323650898f, 0.0f, 0.0f,
-0.3826834323650898f, 0.9238795325112867f, 0.0f, 0.0f,
0.0f, 0.0f, 1.0f, 0.0f,
126.11904508675775f, -134.04325607385758f, 0.0f, 1.0f)
))}){
// _0_3_0_1
alphaStack.add(0, alpha)
alpha *= 1.0f
blendModeStack.add(0, BlendMode.SrcOver)
blendMode = BlendMode.SrcOver
// _0_3_0_1_0
if (generalPath == null) {
   generalPath = Path()
} else {
   generalPath!!.reset()
}
generalPath?.run {
    moveTo(396.84f, 251.31f)
    lineTo(425.294f, 313.302f)
    cubicTo(425.294f, 313.302f, 425.784f, 314.487f, 426.574f, 314.161f)
    cubicTo(427.364f, 313.834f, 426.87302f, 312.64902f, 426.87302f, 312.64902f)
    lineTo(403.15802f, 248.69302f)
    moveTo(402.47803f, 272.81302f)
    cubicTo(402.13104f, 282.24103f, 407.93002f, 287.42603f, 407.17203f, 295.84503f)
    cubicTo(406.41504f, 304.26505f, 411.03903f, 309.02502f, 412.11203f, 312.29904f)
    cubicTo(413.18503f, 315.57303f, 410.95203f, 317.53104f, 411.91403f, 317.99704f)
    cubicTo(412.87704f, 318.46304f, 414.98404f, 315.87704f, 414.29703f, 311.22205f)
    cubicTo(413.61002f, 306.56705f, 410.07703f, 305.18506f, 410.907f, 294.90204f)
    cubicTo(411.737f, 284.61905f, 406.70102f, 282.22403f, 407.927f, 272.84402f)
}
shape = Outline.Generic(generalPath!!)
brush = SolidColor(Color(246, 180, 14, 255))
drawOutline(outline = shape!!, style=Fill, brush=brush!!, alpha=alpha, blendMode = blendMode)
brush = SolidColor(Color(133, 52, 10, 255))
stroke = Stroke(width=1.112f, cap=StrokeCap.Butt, join=StrokeJoin.Miter, miter=4.0f)
if (generalPath == null) {
   generalPath = Path()
} else {
   generalPath!!.reset()
}
generalPath?.run {
    moveTo(396.84f, 251.31f)
    lineTo(425.294f, 313.302f)
    cubicTo(425.294f, 313.302f, 425.784f, 314.487f, 426.574f, 314.161f)
    cubicTo(427.364f, 313.834f, 426.87302f, 312.64902f, 426.87302f, 312.64902f)
    lineTo(403.15802f, 248.69302f)
    moveTo(402.47803f, 272.81302f)
    cubicTo(402.13104f, 282.24103f, 407.93002f, 287.42603f, 407.17203f, 295.84503f)
    cubicTo(406.41504f, 304.26505f, 411.03903f, 309.02502f, 412.11203f, 312.29904f)
    cubicTo(413.18503f, 315.57303f, 410.95203f, 317.53104f, 411.91403f, 317.99704f)
    cubicTo(412.87704f, 318.46304f, 414.98404f, 315.87704f, 414.29703f, 311.22205f)
    cubicTo(413.61002f, 306.56705f, 410.07703f, 305.18506f, 410.907f, 294.90204f)
    cubicTo(411.737f, 284.61905f, 406.70102f, 282.22403f, 407.927f, 272.84402f)
}
shape = Outline.Generic(generalPath!!)
drawOutline(outline = shape!!, style = stroke!!, brush=brush!!, alpha = alpha, blendMode = blendMode)
alpha = alphaStack.removeAt(0)
blendMode = blendModeStack.removeAt(0)
}
alpha = alphaStack.removeAt(0)
blendMode = blendModeStack.removeAt(0)
alphaStack.add(0, alpha)
alpha *= 1.0f
blendModeStack.add(0, BlendMode.SrcOver)
blendMode = BlendMode.SrcOver
withTransform({
transform(
Matrix(values=floatArrayOf(
0.7071067811865476f, 0.7071067811865475f, 0.0f, 0.0f,
-0.7071067811865475f, 0.7071067811865476f, 0.0f, 0.0f,
0.0f, 0.0f, 1.0f, 0.0f,
293.9339828220178f, -209.61940777125585f, 0.0f, 1.0f)
))}){
// _0_3_0_2
alphaStack.add(0, alpha)
alpha *= 1.0f
blendModeStack.add(0, BlendMode.SrcOver)
blendMode = BlendMode.SrcOver
// _0_3_0_2_0
if (generalPath == null) {
   generalPath = Path()
} else {
   generalPath!!.reset()
}
generalPath?.run {
    moveTo(396.84f, 251.31f)
    lineTo(425.294f, 313.302f)
    cubicTo(425.294f, 313.302f, 425.784f, 314.487f, 426.574f, 314.161f)
    cubicTo(427.364f, 313.834f, 426.87302f, 312.64902f, 426.87302f, 312.64902f)
    lineTo(403.15802f, 248.69302f)
    moveTo(402.47803f, 272.81302f)
    cubicTo(402.13104f, 282.24103f, 407.93002f, 287.42603f, 407.17203f, 295.84503f)
    cubicTo(406.41504f, 304.26505f, 411.03903f, 309.02502f, 412.11203f, 312.29904f)
    cubicTo(413.18503f, 315.57303f, 410.95203f, 317.53104f, 411.91403f, 317.99704f)
    cubicTo(412.87704f, 318.46304f, 414.98404f, 315.87704f, 414.29703f, 311.22205f)
    cubicTo(413.61002f, 306.56705f, 410.07703f, 305.18506f, 410.907f, 294.90204f)
    cubicTo(411.737f, 284.61905f, 406.70102f, 282.22403f, 407.927f, 272.84402f)
}
shape = Outline.Generic(generalPath!!)
brush = SolidColor(Color(246, 180, 14, 255))
drawOutline(outline = shape!!, style=Fill, brush=brush!!, alpha=alpha, blendMode = blendMode)
brush = SolidColor(Color(133, 52, 10, 255))
stroke = Stroke(width=1.112f, cap=StrokeCap.Butt, join=StrokeJoin.Miter, miter=4.0f)
if (generalPath == null) {
   generalPath = Path()
} else {
   generalPath!!.reset()
}
generalPath?.run {
    moveTo(396.84f, 251.31f)
    lineTo(425.294f, 313.302f)
    cubicTo(425.294f, 313.302f, 425.784f, 314.487f, 426.574f, 314.161f)
    cubicTo(427.364f, 313.834f, 426.87302f, 312.64902f, 426.87302f, 312.64902f)
    lineTo(403.15802f, 248.69302f)
    moveTo(402.47803f, 272.81302f)
    cubicTo(402.13104f, 282.24103f, 407.93002f, 287.42603f, 407.17203f, 295.84503f)
    cubicTo(406.41504f, 304.26505f, 411.03903f, 309.02502f, 412.11203f, 312.29904f)
    cubicTo(413.18503f, 315.57303f, 410.95203f, 317.53104f, 411.91403f, 317.99704f)
    cubicTo(412.87704f, 318.46304f, 414.98404f, 315.87704f, 414.29703f, 311.22205f)
    cubicTo(413.61002f, 306.56705f, 410.07703f, 305.18506f, 410.907f, 294.90204f)
    cubicTo(411.737f, 284.61905f, 406.70102f, 282.22403f, 407.927f, 272.84402f)
}
shape = Outline.Generic(generalPath!!)
drawOutline(outline = shape!!, style = stroke!!, brush=brush!!, alpha = alpha, blendMode = blendMode)
alpha = alphaStack.removeAt(0)
blendMode = blendModeStack.removeAt(0)
}
alpha = alphaStack.removeAt(0)
blendMode = blendModeStack.removeAt(0)
alphaStack.add(0, alpha)
alpha *= 1.0f
blendModeStack.add(0, BlendMode.SrcOver)
blendMode = BlendMode.SrcOver
withTransform({
transform(
Matrix(values=floatArrayOf(
0.38268343236508984f, 0.9238795325112867f, 0.0f, 0.0f,
-0.9238795325112867f, 0.38268343236508984f, 0.0f, 0.0f,
0.0f, 0.0f, 1.0f, 0.0f,
477.89651018178574f, -215.22267109578718f, 0.0f, 1.0f)
))}){
// _0_3_0_3
alphaStack.add(0, alpha)
alpha *= 1.0f
blendModeStack.add(0, BlendMode.SrcOver)
blendMode = BlendMode.SrcOver
// _0_3_0_3_0
if (generalPath == null) {
   generalPath = Path()
} else {
   generalPath!!.reset()
}
generalPath?.run {
    moveTo(396.84f, 251.31f)
    lineTo(425.294f, 313.302f)
    cubicTo(425.294f, 313.302f, 425.784f, 314.487f, 426.574f, 314.161f)
    cubicTo(427.364f, 313.834f, 426.87302f, 312.64902f, 426.87302f, 312.64902f)
    lineTo(403.15802f, 248.69302f)
    moveTo(402.47803f, 272.81302f)
    cubicTo(402.13104f, 282.24103f, 407.93002f, 287.42603f, 407.17203f, 295.84503f)
    cubicTo(406.41504f, 304.26505f, 411.03903f, 309.02502f, 412.11203f, 312.29904f)
    cubicTo(413.18503f, 315.57303f, 410.95203f, 317.53104f, 411.91403f, 317.99704f)
    cubicTo(412.87704f, 318.46304f, 414.98404f, 315.87704f, 414.29703f, 311.22205f)
    cubicTo(413.61002f, 306.56705f, 410.07703f, 305.18506f, 410.907f, 294.90204f)
    cubicTo(411.737f, 284.61905f, 406.70102f, 282.22403f, 407.927f, 272.84402f)
}
shape = Outline.Generic(generalPath!!)
brush = SolidColor(Color(246, 180, 14, 255))
drawOutline(outline = shape!!, style=Fill, brush=brush!!, alpha=alpha, blendMode = blendMode)
brush = SolidColor(Color(133, 52, 10, 255))
stroke = Stroke(width=1.112f, cap=StrokeCap.Butt, join=StrokeJoin.Miter, miter=4.0f)
if (generalPath == null) {
   generalPath = Path()
} else {
   generalPath!!.reset()
}
generalPath?.run {
    moveTo(396.84f, 251.31f)
    lineTo(425.294f, 313.302f)
    cubicTo(425.294f, 313.302f, 425.784f, 314.487f, 426.574f, 314.161f)
    cubicTo(427.364f, 313.834f, 426.87302f, 312.64902f, 426.87302f, 312.64902f)
    lineTo(403.15802f, 248.69302f)
    moveTo(402.47803f, 272.81302f)
    cubicTo(402.13104f, 282.24103f, 407.93002f, 287.42603f, 407.17203f, 295.84503f)
    cubicTo(406.41504f, 304.26505f, 411.03903f, 309.02502f, 412.11203f, 312.29904f)
    cubicTo(413.18503f, 315.57303f, 410.95203f, 317.53104f, 411.91403f, 317.99704f)
    cubicTo(412.87704f, 318.46304f, 414.98404f, 315.87704f, 414.29703f, 311.22205f)
    cubicTo(413.61002f, 306.56705f, 410.07703f, 305.18506f, 410.907f, 294.90204f)
    cubicTo(411.737f, 284.61905f, 406.70102f, 282.22403f, 407.927f, 272.84402f)
}
shape = Outline.Generic(generalPath!!)
drawOutline(outline = shape!!, style = stroke!!, brush=brush!!, alpha = alpha, blendMode = blendMode)
alpha = alphaStack.removeAt(0)
blendMode = blendModeStack.removeAt(0)
}
alpha = alphaStack.removeAt(0)
blendMode = blendModeStack.removeAt(0)
alphaStack.add(0, alpha)
alpha *= 1.0f
blendModeStack.add(0, BlendMode.SrcOver)
blendMode = BlendMode.SrcOver
// _0_3_0_4
if (generalPath == null) {
   generalPath = Path()
} else {
   generalPath!!.reset()
}
generalPath?.run {
    moveTo(404.31f, 274.41f)
    cubicTo(404.763f, 283.464f, 409.897f, 287.473f, 408.889f, 295.724f)
    cubicTo(411.10202f, 289.199f, 405.765f, 284.141f, 406.069f, 274.504f)
    moveTo(398.42f, 250.747f)
    lineTo(417.907f, 293.324f)
    lineTo(401.578f, 249.43701f)
}
shape = Outline.Generic(generalPath!!)
brush = SolidColor(Color(133, 52, 10, 255))
drawOutline(outline = shape!!, style=Fill, brush=brush!!, alpha=alpha, blendMode = blendMode)
alpha = alphaStack.removeAt(0)
blendMode = blendModeStack.removeAt(0)
alphaStack.add(0, alpha)
alpha *= 1.0f
blendModeStack.add(0, BlendMode.SrcOver)
blendMode = BlendMode.SrcOver
withTransform({
transform(
Matrix(values=floatArrayOf(
0.9238795325112867f, 0.3826834323650898f, 0.0f, 0.0f,
-0.3826834323650898f, 0.9238795325112867f, 0.0f, 0.0f,
0.0f, 0.0f, 1.0f, 0.0f,
126.11904508675775f, -134.04325607385758f, 0.0f, 1.0f)
))}){
// _0_3_0_5
alphaStack.add(0, alpha)
alpha *= 1.0f
blendModeStack.add(0, BlendMode.SrcOver)
blendMode = BlendMode.SrcOver
// _0_3_0_5_0
if (generalPath == null) {
   generalPath = Path()
} else {
   generalPath!!.reset()
}
generalPath?.run {
    moveTo(404.31f, 274.41f)
    cubicTo(404.763f, 283.464f, 409.897f, 287.473f, 408.889f, 295.724f)
    cubicTo(411.10202f, 289.199f, 405.765f, 284.141f, 406.069f, 274.504f)
    moveTo(398.42f, 250.747f)
    lineTo(417.907f, 293.324f)
    lineTo(401.578f, 249.43701f)
}
shape = Outline.Generic(generalPath!!)
brush = SolidColor(Color(133, 52, 10, 255))
drawOutline(outline = shape!!, style=Fill, brush=brush!!, alpha=alpha, blendMode = blendMode)
alpha = alphaStack.removeAt(0)
blendMode = blendModeStack.removeAt(0)
}
alpha = alphaStack.removeAt(0)
blendMode = blendModeStack.removeAt(0)
alphaStack.add(0, alpha)
alpha *= 1.0f
blendModeStack.add(0, BlendMode.SrcOver)
blendMode = BlendMode.SrcOver
withTransform({
transform(
Matrix(values=floatArrayOf(
0.7071067811865476f, 0.7071067811865475f, 0.0f, 0.0f,
-0.7071067811865475f, 0.7071067811865476f, 0.0f, 0.0f,
0.0f, 0.0f, 1.0f, 0.0f,
293.9339828220178f, -209.61940777125585f, 0.0f, 1.0f)
))}){
// _0_3_0_6
alphaStack.add(0, alpha)
alpha *= 1.0f
blendModeStack.add(0, BlendMode.SrcOver)
blendMode = BlendMode.SrcOver
// _0_3_0_6_0
if (generalPath == null) {
   generalPath = Path()
} else {
   generalPath!!.reset()
}
generalPath?.run {
    moveTo(404.31f, 274.41f)
    cubicTo(404.763f, 283.464f, 409.897f, 287.473f, 408.889f, 295.724f)
    cubicTo(411.10202f, 289.199f, 405.765f, 284.141f, 406.069f, 274.504f)
    moveTo(398.42f, 250.747f)
    lineTo(417.907f, 293.324f)
    lineTo(401.578f, 249.43701f)
}
shape = Outline.Generic(generalPath!!)
brush = SolidColor(Color(133, 52, 10, 255))
drawOutline(outline = shape!!, style=Fill, brush=brush!!, alpha=alpha, blendMode = blendMode)
alpha = alphaStack.removeAt(0)
blendMode = blendModeStack.removeAt(0)
}
alpha = alphaStack.removeAt(0)
blendMode = blendModeStack.removeAt(0)
alphaStack.add(0, alpha)
alpha *= 1.0f
blendModeStack.add(0, BlendMode.SrcOver)
blendMode = BlendMode.SrcOver
withTransform({
transform(
Matrix(values=floatArrayOf(
0.38268343236508984f, 0.9238795325112867f, 0.0f, 0.0f,
-0.9238795325112867f, 0.38268343236508984f, 0.0f, 0.0f,
0.0f, 0.0f, 1.0f, 0.0f,
477.89651018178574f, -215.22267109578718f, 0.0f, 1.0f)
))}){
// _0_3_0_7
alphaStack.add(0, alpha)
alpha *= 1.0f
blendModeStack.add(0, BlendMode.SrcOver)
blendMode = BlendMode.SrcOver
// _0_3_0_7_0
if (generalPath == null) {
   generalPath = Path()
} else {
   generalPath!!.reset()
}
generalPath?.run {
    moveTo(404.31f, 274.41f)
    cubicTo(404.763f, 283.464f, 409.897f, 287.473f, 408.889f, 295.724f)
    cubicTo(411.10202f, 289.199f, 405.765f, 284.141f, 406.069f, 274.504f)
    moveTo(398.42f, 250.747f)
    lineTo(417.907f, 293.324f)
    lineTo(401.578f, 249.43701f)
}
shape = Outline.Generic(generalPath!!)
brush = SolidColor(Color(133, 52, 10, 255))
drawOutline(outline = shape!!, style=Fill, brush=brush!!, alpha=alpha, blendMode = blendMode)
alpha = alphaStack.removeAt(0)
blendMode = blendModeStack.removeAt(0)
}
alpha = alphaStack.removeAt(0)
blendMode = blendModeStack.removeAt(0)
}
alpha = alphaStack.removeAt(0)
blendMode = blendModeStack.removeAt(0)
}
alpha = alphaStack.removeAt(0)
blendMode = blendModeStack.removeAt(0)
alphaStack.add(0, alpha)
alpha *= 1.0f
blendModeStack.add(0, BlendMode.SrcOver)
blendMode = BlendMode.SrcOver
withTransform({
transform(
Matrix(values=floatArrayOf(
-1.0f, 0.0f, 0.0f, 0.0f,
0.0f, -1.0f, 0.0f, 0.0f,
0.0f, 0.0f, 1.0f, 0.0f,
512.0f, 512.0f, 0.0f, 1.0f)
))}){
// _0_4
alphaStack.add(0, alpha)
alpha *= 1.0f
blendModeStack.add(0, BlendMode.SrcOver)
blendMode = BlendMode.SrcOver
withTransform({
transform(
Matrix(values=floatArrayOf(
1.0240000486373901f, 0.0f, 0.0f, 0.0f,
0.0f, 1.0240000486373901f, 0.0f, 0.0f,
0.0f, 0.0f, 1.0f, 0.0f,
-153.60000610351562f, 0.0f, 0.0f, 1.0f)
))}){
// _0_4_0
alphaStack.add(0, alpha)
alpha *= 1.0f
blendModeStack.add(0, BlendMode.SrcOver)
blendMode = BlendMode.SrcOver
// _0_4_0_0
if (generalPath == null) {
   generalPath = Path()
} else {
   generalPath!!.reset()
}
generalPath?.run {
    moveTo(396.84f, 251.31f)
    lineTo(425.294f, 313.302f)
    cubicTo(425.294f, 313.302f, 425.784f, 314.487f, 426.574f, 314.161f)
    cubicTo(427.364f, 313.834f, 426.87302f, 312.64902f, 426.87302f, 312.64902f)
    lineTo(403.15802f, 248.69302f)
    moveTo(402.47803f, 272.81302f)
    cubicTo(402.13104f, 282.24103f, 407.93002f, 287.42603f, 407.17203f, 295.84503f)
    cubicTo(406.41504f, 304.26505f, 411.03903f, 309.02502f, 412.11203f, 312.29904f)
    cubicTo(413.18503f, 315.57303f, 410.95203f, 317.53104f, 411.91403f, 317.99704f)
    cubicTo(412.87704f, 318.46304f, 414.98404f, 315.87704f, 414.29703f, 311.22205f)
    cubicTo(413.61002f, 306.56705f, 410.07703f, 305.18506f, 410.907f, 294.90204f)
    cubicTo(411.737f, 284.61905f, 406.70102f, 282.22403f, 407.927f, 272.84402f)
}
shape = Outline.Generic(generalPath!!)
brush = SolidColor(Color(246, 180, 14, 255))
drawOutline(outline = shape!!, style=Fill, brush=brush!!, alpha=alpha, blendMode = blendMode)
brush = SolidColor(Color(133, 52, 10, 255))
stroke = Stroke(width=1.112f, cap=StrokeCap.Butt, join=StrokeJoin.Miter, miter=4.0f)
if (generalPath == null) {
   generalPath = Path()
} else {
   generalPath!!.reset()
}
generalPath?.run {
    moveTo(396.84f, 251.31f)
    lineTo(425.294f, 313.302f)
    cubicTo(425.294f, 313.302f, 425.784f, 314.487f, 426.574f, 314.161f)
    cubicTo(427.364f, 313.834f, 426.87302f, 312.64902f, 426.87302f, 312.64902f)
    lineTo(403.15802f, 248.69302f)
    moveTo(402.47803f, 272.81302f)
    cubicTo(402.13104f, 282.24103f, 407.93002f, 287.42603f, 407.17203f, 295.84503f)
    cubicTo(406.41504f, 304.26505f, 411.03903f, 309.02502f, 412.11203f, 312.29904f)
    cubicTo(413.18503f, 315.57303f, 410.95203f, 317.53104f, 411.91403f, 317.99704f)
    cubicTo(412.87704f, 318.46304f, 414.98404f, 315.87704f, 414.29703f, 311.22205f)
    cubicTo(413.61002f, 306.56705f, 410.07703f, 305.18506f, 410.907f, 294.90204f)
    cubicTo(411.737f, 284.61905f, 406.70102f, 282.22403f, 407.927f, 272.84402f)
}
shape = Outline.Generic(generalPath!!)
drawOutline(outline = shape!!, style = stroke!!, brush=brush!!, alpha = alpha, blendMode = blendMode)
alpha = alphaStack.removeAt(0)
blendMode = blendModeStack.removeAt(0)
alphaStack.add(0, alpha)
alpha *= 1.0f
blendModeStack.add(0, BlendMode.SrcOver)
blendMode = BlendMode.SrcOver
withTransform({
transform(
Matrix(values=floatArrayOf(
0.9238795325112867f, 0.3826834323650898f, 0.0f, 0.0f,
-0.3826834323650898f, 0.9238795325112867f, 0.0f, 0.0f,
0.0f, 0.0f, 1.0f, 0.0f,
126.11904508675775f, -134.04325607385758f, 0.0f, 1.0f)
))}){
// _0_4_0_1
alphaStack.add(0, alpha)
alpha *= 1.0f
blendModeStack.add(0, BlendMode.SrcOver)
blendMode = BlendMode.SrcOver
// _0_4_0_1_0
if (generalPath == null) {
   generalPath = Path()
} else {
   generalPath!!.reset()
}
generalPath?.run {
    moveTo(396.84f, 251.31f)
    lineTo(425.294f, 313.302f)
    cubicTo(425.294f, 313.302f, 425.784f, 314.487f, 426.574f, 314.161f)
    cubicTo(427.364f, 313.834f, 426.87302f, 312.64902f, 426.87302f, 312.64902f)
    lineTo(403.15802f, 248.69302f)
    moveTo(402.47803f, 272.81302f)
    cubicTo(402.13104f, 282.24103f, 407.93002f, 287.42603f, 407.17203f, 295.84503f)
    cubicTo(406.41504f, 304.26505f, 411.03903f, 309.02502f, 412.11203f, 312.29904f)
    cubicTo(413.18503f, 315.57303f, 410.95203f, 317.53104f, 411.91403f, 317.99704f)
    cubicTo(412.87704f, 318.46304f, 414.98404f, 315.87704f, 414.29703f, 311.22205f)
    cubicTo(413.61002f, 306.56705f, 410.07703f, 305.18506f, 410.907f, 294.90204f)
    cubicTo(411.737f, 284.61905f, 406.70102f, 282.22403f, 407.927f, 272.84402f)
}
shape = Outline.Generic(generalPath!!)
brush = SolidColor(Color(246, 180, 14, 255))
drawOutline(outline = shape!!, style=Fill, brush=brush!!, alpha=alpha, blendMode = blendMode)
brush = SolidColor(Color(133, 52, 10, 255))
stroke = Stroke(width=1.112f, cap=StrokeCap.Butt, join=StrokeJoin.Miter, miter=4.0f)
if (generalPath == null) {
   generalPath = Path()
} else {
   generalPath!!.reset()
}
generalPath?.run {
    moveTo(396.84f, 251.31f)
    lineTo(425.294f, 313.302f)
    cubicTo(425.294f, 313.302f, 425.784f, 314.487f, 426.574f, 314.161f)
    cubicTo(427.364f, 313.834f, 426.87302f, 312.64902f, 426.87302f, 312.64902f)
    lineTo(403.15802f, 248.69302f)
    moveTo(402.47803f, 272.81302f)
    cubicTo(402.13104f, 282.24103f, 407.93002f, 287.42603f, 407.17203f, 295.84503f)
    cubicTo(406.41504f, 304.26505f, 411.03903f, 309.02502f, 412.11203f, 312.29904f)
